4154.26
3720.26
2612.79
1816.98
3901.48
4462.18
4773.23
5179.56
4292.12
6076.91
17188
13175.4
10482.6
11938.3
12798.9
5939.48
6704.1
4677.34
5640.53
3528.22
12217.9
13044.3
10790.1
9722.29
13161.6
20182.8
20007.2
16822.8
28216.5
27296.6
5316.98
6834.89
7711.06
7710.9
5766.63
14683.5
14407.9
15056.8
13652.7
14066.6
33848.2
26395.4
26408.7
33059.5
24451.6
10145.5
11171.9
10392
9239.51
9167.37
18875.3
17621.1
17474.4
19489
19473.4
36455.1
45317.5
42675.8
37994.7
39061.7
14173.3
16062.7
15824.6
15374.4
12496.6
29194.1
30361.4
30068.2
31015.2
26205
58807.7
61048.6
61396.4
59028.5
62188.7
16965.2
17412.9
21350.3
20084.1
18953.8
40342.9
37553.1
35645.5
39171.1
38217.9
77171.9
74498.6
75725.5
76125.4
73916.6
23551.2
23839
23576.9
21031.9
21585.4
41767.8
46635.1
42394
43036.1
41540.7
90398
93799.7
96693
88702.1
87896.8
23531.5
27507.5
30185
22800.2
27533.4
52087.8
53618.4
51616.1
51288.4
55382.2
106242
105880
101779
101489
111281
31705.9
30898.8
29069.4
29819.8
27798.7
57871.7
57391.6
56578.8
58242.9
59136.3
114352
124564
119247
119081
121880
36071.1
39252.8
36486.7
37297.5
35472.6
68750
69702.1
74685.8
70768.6
70248.4
138854
148791
143859
151979
143795